"A"	"C"	"G"	"T"
0	0	0	1
0	0	0	2
0	1	0	2
0	1	0	3
0	1	0	4
1	1	0	4
1	1	0	5
2	1	0	5
2	2	0	5
3	2	0	5
3	2	0	6
3	2	0	7
3	2	1	7
3	3	1	7
4	3	1	7
4	3	1	8
5	3	1	8
5	3	1	9
5	3	1	10
6	3	1	10
6	3	2	10
6	3	3	10
6	4	3	10
7	4	3	10
8	4	3	10
8	4	3	11
9	4	3	11
9	5	3	11
9	6	3	11
9	6	3	12
10	6	3	12
10	7	3	12
10	8	3	12
11	8	3	12
11	8	3	13
12	8	3	13
13	8	3	13
13	8	3	14
13	9	3	14
13	10	3	14
13	11	3	14
13	12	3	14
13	13	3	14
13	13	3	15
14	13	3	15
14	13	4	15
14	14	4	15
14	14	4	16
15	14	4	16
15	14	4	17
15	14	4	18
15	15	4	18
15	15	5	18
15	16	5	18
15	16	6	18
16	16	6	18
16	16	7	18
16	16	7	19
16	17	7	19
16	17	7	19
17	17	7	19
18	17	7	19
19	17	7	19
19	18	7	19
19	19	7	19
19	19	8	19
20	19	8	19
20	19	8	20
20	19	9	20
20	19	9	21
20	19	9	22
20	19	10	22
21	19	10	22
21	19	11	22
21	20	11	22
21	20	12	22
21	20	12	23
22	20	12	23
22	20	13	23
23	20	13	23
24	20	13	23
24	21	13	23
24	21	13	24
24	21	14	24
24	21	14	25
25	21	14	25
26	21	14	25
27	21	14	25
27	22	14	25
27	22	14	26
28	22	14	26
28	22	14	27
29	22	14	27
29	22	14	28
29	22	14	29
29	23	14	29
29	23	14	30
29	23	14	31
30	23	14	31
30	23	14	32
30	23	14	33
31	23	14	33
32	23	14	33
33	23	14	33
33	23	14	34
33	23	14	35
33	23	14	36
33	23	15	36
33	23	16	36
33	23	17	36
34	23	17	36
34	23	17	37
34	23	17	38
34	23	18	38
34	23	19	38
34	24	19	38
34	24	19	39
34	24	19	40
35	24	19	40
36	24	19	40
36	25	19	40
36	25	20	40
36	25	20	41
36	26	20	41
36	27	20	41
36	28	20	41
37	28	20	41
38	28	20	41
38	28	20	42
38	28	20	43
38	28	20	44
38	29	20	44
38	29	20	45
39	29	20	45
39	29	21	45
39	29	22	45
39	29	23	45
39	29	23	46
39	29	23	47
40	29	23	47
40	30	23	47
41	30	23	47
41	30	23	48
42	30	23	48
43	30	23	48
44	30	23	48
44	31	23	48
44	31	24	48
45	31	24	48
45	31	24	49
46	31	24	49
46	31	24	50
46	32	24	50
46	32	24	51
46	33	24	51
47	33	24	51
47	33	24	52
47	33	24	53
47	34	24	53
47	34	24	54
47	35	24	54
47	35	24	55
47	35	25	55
47	35	26	55
47	35	27	55
47	35	27	56
47	35	27	57
47	36	27	57
47	36	27	58
47	36	28	58
48	36	28	58
48	36	29	58
48	36	29	59
49	36	29	59
49	37	29	59
50	37	29	59
50	37	29	60
50	37	29	61
50	37	30	61
50	38	30	61
50	38	30	62
50	38	31	62
50	38	31	63
50	39	31	63
50	40	31	63
50	40	32	63
51	40	32	63
52	40	32	63
52	40	32	64
52	40	33	64
52	40	33	65
52	41	33	65
52	41	33	66
52	42	33	66
52	42	34	66
52	43	34	66
53	43	34	66
53	43	35	66
53	43	35	67
54	43	35	67
54	43	35	68
55	43	35	68
56	43	35	68
57	43	35	68
57	44	35	68
57	44	35	69
57	44	36	69
57	44	36	70
57	45	36	70
57	46	36	70
57	47	36	70
58	47	36	70
58	47	37	70
58	47	37	71
58	48	37	71
58	49	37	71
58	49	38	71
58	50	38	71
58	51	38	71
58	51	39	71
58	51	39	72
58	51	39	73
59	51	39	73
60	51	39	73
60	52	39	73
61	52	39	73
61	53	39	73
61	53	39	74
61	54	39	74
61	54	39	75
61	54	39	76
61	54	40	76
61	55	40	76
61	55	41	76
61	55	42	76
61	56	42	76
61	56	43	76
61	57	43	76
61	57	44	76
61	58	44	76
61	58	45	76
